58948
33764
26646
26550
25024
24396
23922
22178
21646
20586
58948
33764
26646
26550
25024
24396
23922
22178
21646
20586
58948
33764
26646
26550
25024
24396
23922
22178
21646
20586
58948
33764
26646
26550
25024
24396
23922
22178
21646
20586
58948
33764
26646
26550
25024
24396
23922
22178
21646
20586
58948
33764
26646
26550
25024
24396
23922
22178
21646
20586
58948
33764
26646
26550
25024
24396
23922
22178
21646
20586
58948
33764
26646
26550
25024
24396
23922
22178
21646
20586
58948
33764
26646
26550
25024
24396
23922
22178
21646
20586
58948
33764
26646
26550
25024
24396
23922
22178
21646
20586
58948
33764
26646
26550
25024
24396
23922
22178
21646
20586
58948
33764
26646
26550
25024
24396
23922
22178
21646
20586
58948
33764
26646
26550
25024
24396
23922
22178
21646
20586
58948
33764
26646
26550
25024
24396
23922
22178
21646
20586
58948
33764
26646
26550
25024
24396
23922
22178
21646
20586
58948
33764
26646
26550
25024
24396
23922
22178
21646
20586
58948
33764
26646
26550
25024
24396
23922
22178
21646
20586
58948
33764
26646
26550
25024
24396
23922
22178
21646
20586
58948
33764
26646
26550
25024
24396
23922
22178
21646
20586
58948
33764
26646
26550
25024
24396
23922
22178
21646
20586
58948
33764
26646
26550
25024
24396
23922
22178
21646
20586
58948
33764
26646
26550
25024
24396
23922
22178
21646
20586
58948
33764
26646
26550
25024
24396
23922
22178
21646
20586
58948
33764
26646
26550
25024
24396
23922
22178
21646
20586
58948
33764
26646
26550
25024
24396
23922
22178
21646
20586
58948
33764
26646
26550
25024
24396
23922
22178
21646
20586
58948
33764
26646
26550
25024
24396
23922
22178
21646
20586
58948
33764
26646
26550
25024
24396
23922
22178
21646
20586
58948
33764
26646
26550
25024
24396
23922
22178
21646
20586
58948
33764
26646
26550
25024
24396
23922
22178
21646
20586
58948
33764
26646
26550
25024
24396
23922
22178
21646
20586
58948
33764
26646
26550
25024
24396
23922
22178
21646
20586
58948
33764
26646
26550
25024
24396
23922
22178
21646
20586
58948
33764
26646
26550
25024
24396
23922
22178
21646
20586
58948
33764
26646
26550
25024
24396
23922
22178
21646
20586
58948
33764
26646
26550
25024
24396
23922
22178
21646
20586
58948
33764
26646
26550
25024
24396
23922
22178
21646
20586
58948
33764
26646
26550
25024
24396
23922
22178
21646
20586
58948
33764
26646
26550
25024
24396
23922
22178
21646
20586
58948
33764
26646
26550
25024
24396
23922
22178
21646
20586
58948
33764
26646
26550
25024
24396
23922
22178
21646
20586
58948
33764
26646
26550
25024
24396
23922
22178
21646
20586
58948
33764
26646
26550
25024
24396
23922
22178
21646
20586
58948
33764
26646
26550
25024
24396
23922
22178
21646
20586
58948
33764
26646
26550
25024
24396
23922
22178
21646
20586
58948
33764
26646
26550
25024
24396
23922
22178
21646
20586
58948
33764
26646
26550
25024
24396
23922
22178
21646
20586
58948
33764
26646
26550
25024
24396
23922
22178
21646
20586
58948
33764
26646
26550
25024
24396
23922
22178
21646
20586
