35806
32002
24664
24200
24162
23186
18074
16600
13564
12236
35806
32002
24664
24200
24162
23186
18074
16600
13564
12236
35806
32002
24664
24200
24162
23186
18074
16600
13564
12236
35806
32002
24664
24200
24162
23186
18074
16600
13564
12236
35806
32002
24664
24200
24162
23186
18074
16600
13564
12236
35806
32002
24664
24200
24162
23186
18074
16600
13564
12236
35806
32002
24664
24200
24162
23186
18074
16600
13564
12236
35806
32002
24664
24200
24162
23186
18074
16600
13564
12236
35806
32002
24664
24200
24162
23186
18074
16600
13564
12236
35806
32002
24664
24200
24162
23186
18074
16600
13564
12236
