28630
24490
22240
19714
11830
59930
59854
59458
59452
59066
28630
24490
22240
19714
11830
59930
59854
59458
59452
59066
28630
24490
22240
19714
11830
59930
59854
59458
59452
59066
28630
24490
22240
19714
11830
59930
59854
59458
59452
59066
28630
24490
22240
19714
11830
59930
59854
59458
59452
59066
28630
24490
22240
19714
11830
59930
59854
59458
59452
59066
28630
24490
22240
19714
11830
59930
59854
59458
59452
59066
28630
24490
22240
19714
11830
59930
59854
59458
59452
59066
28630
24490
22240
19714
11830
59930
59854
59458
59452
59066
28630
24490
22240
19714
11830
59930
59854
59458
59452
59066
28630
24490
22240
19714
11830
59930
59854
59458
59452
59066
28630
24490
22240
19714
11830
59930
59854
59458
59452
59066
28630
24490
22240
19714
11830
59930
59854
59458
59452
59066
28630
24490
22240
19714
11830
59930
59854
59458
59452
59066
28630
24490
22240
19714
11830
59930
59854
59458
59452
59066
28630
24490
22240
19714
11830
59930
59854
59458
59452
59066
28630
24490
22240
19714
11830
59930
59854
59458
59452
59066
28630
24490
22240
19714
11830
59930
59854
59458
59452
59066
